545.8358731077095
617.8084085313686
692.4577087958787
769.8623828229615
850.1031198005094
933.2627410833489
1019.4262533406298
1108.6809029790027
1201.1162318714034
1296.8241344219682
1395.8989159982818
1498.4373527628939
1604.5387529367501
1714.305019527955
1827.8407145600313
1945.253124834631
2066.652329264443
2192.151267812881
2321.8658120779414
2455.9148375585078
2594.4202976422116
2737.50729935492
2885.304180912749
3037.942591118501
3195.557570645361
3358.2876352516587
3526.2748609714895
3699.6649713270654
3878.6074266096134
4063.255515276818
4063.255515276818
4063.255515276818
4063.255515276818
4063.255515276818
4063.255515276818
4063.255515276818
4063.255515276818
4063.255515276818
4063.255515276818
4063.255515276818
4063.255515276818
3881.491327813471
3881.491327813471
3881.491327813471
3881.491327813471
3881.491327813471
3881.491327813471
3881.491327813471
3881.491327813471
3881.491327813471
3881.491327813471
3881.491327813471
3881.491327813471
3662.660715727031
3662.660715727031
3662.660715727031
3662.660715727031
3662.660715727031
3662.660715727031
3662.660715727031
3662.660715727031
3662.660715727031
3662.660715727031
3662.660715727031
3662.660715727031
3439.4357502663597
3439.4357502663597
3439.4357502663597
3439.4357502663597
3439.4357502663597
3439.4357502663597
3439.4357502663597
3439.4357502663597
3439.4357502663597
3439.4357502663597
3439.4357502663597
3439.4357502663597
3211.728188103005
3211.728188103005
3211.728188103005
3211.728188103005
3211.728188103005
3211.728188103005
3211.728188103005
3211.728188103005
3211.728188103005
3211.728188103005
3211.728188103005
3211.728188103005
2979.4480138878425
2979.4480138878425
2979.4480138878425
2979.4480138878425
2979.4480138878425
2979.4480138878425
2979.4480138878425
2979.4480138878425
2979.4480138878425
2979.4480138878425
2979.4480138878425
2979.4480138878425
2742.5034046670035
2742.5034046670035
2742.5034046670035
2742.5034046670035
2742.5034046670035
2742.5034046670035
2742.5034046670035
2742.5034046670035
2742.5034046670035
2742.5034046670035
2742.5034046670035
2742.5034046670035
2500.80069358323
2500.80069358323
2500.80069358323
2500.80069358323
2500.80069358323
2500.80069358323
2500.80069358323
2500.80069358323
2500.80069358323
2500.80069358323
2500.80069358323
2500.80069358323
2254.244332848318
2254.244332848318
2254.244332848318
2254.244332848318
2254.244332848318
2254.244332848318
2254.244332848318
2254.244332848318
2254.244332848318
2254.244332848318
2254.244332848318
2254.244332848318
2002.736855972004
2002.736855972004
2002.736855972004
2002.736855972004
2002.736855972004
2002.736855972004
2002.736855972004
2002.736855972004
2002.736855972004
2002.736855972004
2002.736855972004
2002.736855972004
1746.1788392323765
1746.1788392323765
1746.1788392323765
1746.1788392323765
1746.1788392323765
1746.1788392323765
1746.1788392323765
1746.1788392323765
1746.1788392323765
1746.1788392323765
1746.1788392323765
1746.1788392323765
1484.4688623725594
1484.4688623725594
1484.4688623725594
1484.4688623725594
1484.4688623725594
1484.4688623725594
1484.4688623725594
1484.4688623725594
1484.4688623725594
1484.4688623725594
1484.4688623725594
1484.4688623725594
1217.5034685081514
1217.5034685081514
1217.5034685081514
1217.5034685081514
1217.5034685081514
1217.5034685081514
1217.5034685081514
1217.5034685081514
1217.5034685081514
1217.5034685081514
1217.5034685081514
1217.5034685081514
945.1771232295607
945.1771232295607
945.1771232295607
945.1771232295607
945.1771232295607
945.1771232295607
945.1771232295607
945.1771232295607
945.1771232295607
945.1771232295607
945.1771232295607
945.1771232295607
667.3821728830715
667.3821728830715
667.3821728830715
667.3821728830715
667.3821728830715
667.3821728830715
667.3821728830715
667.3821728830715
667.3821728830715
667.3821728830715
667.3821728830715
667.3821728830715
384.00880201414884
