101.67530969653411
115.08195845192161
128.98722026589897
143.40573797682617
158.3525419236243
173.843059613565
189.89312562227417
206.5189917313828
223.7373373093791
241.565279941347
260.0203863134054
279.12068335779395
298.8846696646887
319.331327166972
340.4801331043195
362.35107227311755
384.9646495688668
408.3419028278896
432.5044159753028
457.47433248638873
483.2743691686472
509.92783027199494
537.4586219347277
565.891266973054
595.250920022175
625.5633830370737
656.8551211613559
689.1532789726887
722.4856971135554
756.8809293162701
756.8809293162701
756.8809293162701
756.8809293162701
756.8809293162701
756.8809293162701
756.8809293162701
756.8809293162701
756.8809293162701
756.8809293162701
756.8809293162701
756.8809293162701
723.022894396627
723.022894396627
723.022894396627
723.022894396627
723.022894396627
723.022894396627
723.022894396627
723.022894396627
723.022894396627
723.022894396627
723.022894396627
723.022894396627
682.2603294001332
682.2603294001332
682.2603294001332
682.2603294001332
682.2603294001332
682.2603294001332
682.2603294001332
682.2603294001332
682.2603294001332
682.2603294001332
682.2603294001332
682.2603294001332
640.6792083829494
640.6792083829494
640.6792083829494
640.6792083829494
640.6792083829494
640.6792083829494
640.6792083829494
640.6792083829494
640.6792083829494
640.6792083829494
640.6792083829494
640.6792083829494
598.2630938623245
598.2630938623245
598.2630938623245
598.2630938623245
598.2630938623245
598.2630938623245
598.2630938623245
598.2630938623245
598.2630938623245
598.2630938623245
598.2630938623245
598.2630938623245
554.9952182732255
554.9952182732255
554.9952182732255
554.9952182732255
554.9952182732255
554.9952182732255
554.9952182732255
554.9952182732255
554.9952182732255
554.9952182732255
554.9952182732255
554.9952182732255
510.85847733993194
510.85847733993194
510.85847733993194
510.85847733993194
510.85847733993194
510.85847733993194
510.85847733993194
510.85847733993194
510.85847733993194
510.85847733993194
510.85847733993194
510.85847733993194
465.83542331452327
465.83542331452327
465.83542331452327
465.83542331452327
465.83542331452327
465.83542331452327
465.83542331452327
465.83542331452327
465.83542331452327
465.83542331452327
465.83542331452327
465.83542331452327
419.9082580795887
419.9082580795887
419.9082580795887
419.9082580795887
419.9082580795887
419.9082580795887
419.9082580795887
419.9082580795887
419.9082580795887
419.9082580795887
419.9082580795887
419.9082580795887
373.0588261124321
373.0588261124321
373.0588261124321
373.0588261124321
373.0588261124321
373.0588261124321
373.0588261124321
373.0588261124321
373.0588261124321
373.0588261124321
373.0588261124321
373.0588261124321
325.2686073079917
325.2686073079917
325.2686073079917
325.2686073079917
325.2686073079917
325.2686073079917
325.2686073079917
325.2686073079917
325.2686073079917
325.2686073079917
325.2686073079917
325.2686073079917
276.5187096576336
276.5187096576336
276.5187096576336
276.5187096576336
276.5187096576336
276.5187096576336
276.5187096576336
276.5187096576336
276.5187096576336
276.5187096576336
276.5187096576336
276.5187096576336
226.78986178093012
226.78986178093012
226.78986178093012
226.78986178093012
226.78986178093012
226.78986178093012
226.78986178093012
226.78986178093012
226.78986178093012
226.78986178093012
226.78986178093012
226.78986178093012
176.06240530746717
176.06240530746717
176.06240530746717
176.06240530746717
176.06240530746717
176.06240530746717
176.06240530746717
176.06240530746717
176.06240530746717
176.06240530746717
176.06240530746717
176.06240530746717
124.31628710567017
124.31628710567017
124.31628710567017
124.31628710567017
124.31628710567017
124.31628710567017
124.31628710567017
124.31628710567017
124.31628710567017
124.31628710567017
124.31628710567017
124.31628710567017
71.53105135557674
