10083.194675540766
10166.417313351845
10249.668144222585
10332.947399020513
10416.255308691983
10499.592104262812
10582.958016838922
10666.35327760698
10749.778117835043
10833.232768873195
10916.717462154189
11545.160089534565
11526.292727526969
11609.132639422029
11692.004745251197
11774.90927483174
11857.846458070837
11940.816524966223
12023.819705606826
12106.856230173402
12189.926328939173
12273.03023227047
12356.168170627372
13056.120815693823
13023.410784558699
13105.818827823317
13188.263215566105
13270.744176418199
13353.261939112157
13435.816732482597
13518.408785466825
13601.038327105478
13683.705586543152
13766.410793029041
13849.154175917574
14623.241497576746
14576.139063700644
14658.064271995774
14740.030129387611
14822.03686318025
14904.084700791145
14986.173869751738
15068.304597708086
15150.4771124215
15232.691641769168
15314.948413744796
15397.24765645923
16248.17101194106
16186.109917210451
16267.499447062095
16348.934089225018
16430.414069530176
16511.93961393425
16593.51094852028
16675.128299498294
16756.791893205922
16838.501956109038
16920.25871480238
17002.062396010188
17932.601865322762
17854.998884577923
17935.797960451342
18016.646775087826
18097.545552693733
18178.494517613984
18259.493894332678
18340.543907473704
18421.644781801388
18502.79674222109
18584.000013779845
18665.25482166698
19678.27128247931
19584.52576984667
19664.67762776983
19744.88401890882
19825.14516568846
19905.461290685424
19985.83261662884
20066.25936640092
20146.741763037575
20227.280029729038
20307.87438982047
20388.525066812595
21486.962320975254
21376.455744809766
21455.901574509884
21535.406904769
21614.971956067784
21694.596949052528
21774.28210453574
21854.027643496782
21933.833787082458
22013.700756607646
22093.628773555894
22173.618059580054
23360.50501252185
23232.60047868463
23311.279364200756
23390.022895527654
23468.831291033406
23547.704769265976
23626.643548953816
23705.647849006462
23784.717888515148
23863.85388675342
23943.056063177733
24022.324637428068
25300.777531695992
25154.819294886067
25232.668153619838
25310.586986474944
25388.576009532455
25466.635439068083
25544.765491552793
25622.966383653395
25701.238332233155
25779.581554352386
25857.99626726905
25936.482688439362
27309.707392678443
27145.020355530793
27221.973875696527
27299.002886638402
27376.107601969863
27453.288235514312
27530.54500130567
27607.878113588988
27685.287786821038
27762.774235670913
27840.33767502061
27917.978319965634
29389.272674665794
29205.161874321217
29281.152450755588
29357.224228389212
29433.377418180982
29509.61223131557
29585.928879203984
29662.327573484188
29738.80852602167
29815.371948910022
29892.01805447156
29968.747055257874
31541.503276625706
31337.253358471004
31412.211026761608
31487.255806009027
31562.387904324125
31637.607530059926
31712.914891812172
31788.310198419913
31863.793658966086
31939.365482778092
32015.025879428373
32090.775058735002
33768.48220208015
33543.356880350206
33617.20924924136
33691.15484389304
33765.19386936792
33839.326530987746
33913.55303433395
33987.87358524819
34062.288389832946
34136.79765445206
34211.401585731335
34286.1003905591
36072.346874617186
35825.58837954323
35898.26056157629
35971.03229508067
36043.903781863744
36116.8752240095
36189.94682387911
36263.11878411151
36336.39130762396
36409.764597612586
36483.23885755295
36556.81429120062
38455.29048484803
38186.11899602895
38257.53353637352
38329.05417082107
38400.68109770948
38472.414515671364
38544.25462363468
38616.201620823245
38688.25570675729
38760.41708125403
38832.6859444282
38905.06249669262
40919.56336954207
40627.17643520816
40697.253238639416
40767.44290189663
40837.74561962667
40908.16158678994
40978.69099866088
41049.33405082854
41120.09093919712
41190.9618599865
41261.94700973278
41333.04658528885
43467.47442368958
43151.04636552036
43219.70262149672
43288.4787324443
43357.37488908998
43426.39128249353
43495.528104048164
43564.78554548107
43634.16379885392
43703.66305656343
43773.28351134188
43843.02535625762
46101.39254625931
45760.07384940904
45827.22395520321
45894.501147031646
45961.90561146448
46029.4375354248
46097.097106189154
46164.88451138809
46232.79993900663
46300.84357738485
46369.015615218355
46437.31624155883
48823.748120434815
48456.66480841148
48522.220290246994
48587.91033176163
48653.7351151241
48719.6948228768
48785.78963793628
48852.01974359375
48918.38532351563
48984.886561744
49051.523642697175
49118.29675117015
51637.03452913235
51243.287523167295
51307.15695531127
51371.16867019777
51435.32284534125
51499.61965865125
51564.05928843285
51628.64191338719
51693.367712611944
51758.23686560185
51823.24955224917
51888.40595284423
54543.80970662051
54122.47416915777
54184.56309091962
54246.80227491965
54309.19189375683
54371.7321204473
54434.42312842484
54497.26509154139
54560.25818406752
54623.40258069288
54686.69845652673
54750.145987098396
57546.69772708148
57096.82238900695
57157.033219591525
57217.40255553722
57277.93056425761
57338.61741360629
57399.463271877365
57460.46830780587
57521.632690568294
57582.956589782996
57644.4401755107
57706.083618254976
60648.39043097209
60168.9969021939
60227.228853356275
60285.62782401074
60344.19397610677
60402.92747205742
60461.82847473982
60520.89714749565
60580.133654131525
60639.538158919524
60699.110826597585
60758.85182237001
63851.6490900628
63341.73115304527
63397.88013949318
63454.20493814336
63510.70570519326
63567.38259732831
63624.235771722364
63681.26538603813
63738.471598427626
63795.854567532595
63853.41445248495
63911.15141290722
67159.30611205312
66617.82899789735
66671.78754538605
66725.93098413249
66780.25946428487
66834.77313650455
66889.47215196643
66944.3566623594
66999.42681988675
67054.68277726663
67110.12468773242
67165.75270503317
70574.26678568195
70000.16643233653
70051.82358339932
70103.67499908658
70155.72082319036
70207.96120004187
70260.39627451178
70313.02619201073
70365.8510984897
70418.87114044039
70472.08646489562
70525.49721942979
74099.51106727221
73491.69335944814
73540.93457670488
73590.37973443465
73640.0289697566
73689.88242035577
73739.94022448357
73790.20252095806
73840.66944916446
73891.3411490554
73942.21776115142
73993.2994265413
77738.09540967151
77095.43540002497
77142.14246700892
77189.06346117663
77236.19851264734
77283.54775213389
77331.1113109431
77378.88932097614
77426.88191472889
77475.08922529226
77523.51138635266
77572.14853219227
81493.15463457095
80814.49574570816
80858.54666515069
80902.82181794503
80947.32132687309
80992.04531533895
81036.9939073692
81082.16722761324
81127.5654013438
81173.18855445705
81219.03681347313
81265.11030553636
85367.90384920793
83971.07113466722
83332.18416106544
82694.36022735319
82057.59756474527
81421.89440739961
80787.24899241225
80153.65955981256
79521.1243525583
78889.64161653075
78259.20960052987
77629.82655626941
80876.52367795297
79520.96584048886
78889.48336820852
78259.05161551599
77629.66883412578
77001.33327866135
76374.04320665027
75747.79687851941
75122.59255759009
74498.4285100733
73875.30300506485
73253.21431454062
76288.72715168151
74981.49765951552
74357.56837888404
73734.67725013381
73112.82254589067
72492.00254165458
71872.21551579493
71253.45974954568
70635.73352700069
70019.03513510885
69403.3628636694
68788.71500532719
71608.80275100854
70350.87208914368
69734.64767634976
69119.4485953575
68505.27314012397
67892.1196074449
67279.98629694998
66668.87151109816
66058.77355517287
65449.69073727741
64841.62136833019
64234.56376206009
66834.90044941407
65627.25859123303
65018.89376828588
64411.541199619845
63805.199200951596
63199.866090800264
62595.540190482796
61992.21982410928
61389.90331857831
60788.58900357236
60188.275211553104
59588.96027775684
61965.133069861586
60808.78986847424
60208.44246436696
59609.09397440961
59010.74273651542
58413.38709136315
57817.025382392494
57221.65595579949
56627.277160531936
56033.88734828479
55441.48487349563
54850.068093340065
56997.575538775774
55893.56112622547
55301.39213932659
54710.20845856232
54120.00844448818
53530.790460387536
52942.55287226709
52355.29404885234
51769.01236158303
51183.70618460868
50599.37389478404
50016.013871664596
51930.26412503943
50879.6293195257
50295.802981223664
49712.94806777737
49131.0629628393
48550.146052751385
47970.195726540485
47391.210375913965
46813.18839525521
46236.12818161918
45660.02813472797
45084.88665696636
46761.195663708495
45765.01238498726
45189.696224612904
44615.33732906447
44041.93410555521
43469.48496394863
42897.98831675404
42327.442579122166
41757.84616884076
41189.19750633021
40621.49501463914
40054.73711944008
41488.32676413852
40547.68845726398
39981.05336831679
39415.36109981709
38850.61008301207
38286.79875175914
37723.9255425216
37161.98889436433
36600.987248949416
36040.91905053186
35481.78274595527
34923.57678464753
36109.57300220956
35225.59506978526
34667.815377489445
34110.96377120411
33555.038706692954
33000.03864228914
32445.962038890986
31892.807359957722
31340.573071505212
30789.25764210171
30238.859542863604
29689.377247451186
30622.808096329863
29796.62833943983
29247.88186965707
28700.04845556446
28153.12657793457
27607.11472006779
27062.011367788145
26517.81500943908
25974.52413587928
25432.137240478485
24890.652819113297
24350.069370163026
25025.863066893024
24258.642134887283
23719.110284413262
23180.47615748412
22642.73826038348
22105.89510188035
21569.945193224976
21034.887048144734
20500.71918284
19967.440115980033
19435.048368698866
18903.542464591214
19316.525378856015
18609.447228168265
18079.315036440865
17550.06492822715
17021.695435834095
16494.205094010744
15967.59243994417
15441.85601325541
14916.994355995417
14393.006012641015
13869.889530090864
13347.643457661428
13492.538067099335
12846.8104292782
12326.266651525659
11806.589003187013
11287.776043115155
10769.826332560886
10252.738435168938
9736.51091697398
9221.142346396653
8706.631294239587
8192.976333683448
7680.176040282976
7551.598844223419
