433.4578992325928
490.6125597160869
549.8928863967272
611.3613040064695
675.0818892533457
741.120412036777
809.5443776528531
880.4230700127373
953.8275958978792
1029.8309302762689
1108.507962704518
1189.9355448411216
1274.1925390968308
1361.35986844867
1451.5205674447307
1544.7598344275011
1641.1650850041165
1740.8260067925821
1843.8346154736591
1950.285312178815
2060.2749422452853
2173.9028553700837
2291.270967195418
2412.4838223588094
2537.6486590419045
2666.875475052788
2800.277095477359
2937.969241936199
3080.0706034841046
3226.702909190414
3226.702909190414
3226.702909190414
3226.702909190414
3226.702909190414
3226.702909190414
3226.702909190414
3226.702909190414
3226.702909190414
3226.702909190414
3226.702909190414
3226.702909190414
3082.360760322462
3082.360760322462
3082.360760322462
3082.360760322462
3082.360760322462
3082.360760322462
3082.360760322462
3082.360760322462
3082.360760322462
3082.360760322462
3082.360760322462
3082.360760322462
2908.583509547936
2908.583509547936
2908.583509547936
2908.583509547936
2908.583509547936
2908.583509547936
2908.583509547936
2908.583509547936
2908.583509547936
2908.583509547936
2908.583509547936
2908.583509547936
2731.3166252115207
2731.3166252115207
2731.3166252115207
2731.3166252115207
2731.3166252115207
2731.3166252115207
2731.3166252115207
2731.3166252115207
2731.3166252115207
2731.3166252115207
2731.3166252115207
2731.3166252115207
2550.4900317288566
2550.4900317288566
2550.4900317288566
2550.4900317288566
2550.4900317288566
2550.4900317288566
2550.4900317288566
2550.4900317288566
2550.4900317288566
2550.4900317288566
2550.4900317288566
2550.4900317288566
2366.0322463226985
2366.0322463226985
2366.0322463226985
2366.0322463226985
2366.0322463226985
2366.0322463226985
2366.0322463226985
2366.0322463226985
2366.0322463226985
2366.0322463226985
2366.0322463226985
2366.0322463226985
2177.870350764973
2177.870350764973
2177.870350764973
2177.870350764973
2177.870350764973
2177.870350764973
2177.870350764973
2177.870350764973
2177.870350764973
2177.870350764973
2177.870350764973
2177.870350764973
1985.9299625513886
1985.9299625513886
1985.9299625513886
1985.9299625513886
1985.9299625513886
1985.9299625513886
1985.9299625513886
1985.9299625513886
1985.9299625513886
1985.9299625513886
1985.9299625513886
1985.9299625513886
1790.1352054971937
1790.1352054971937
1790.1352054971937
1790.1352054971937
1790.1352054971937
1790.1352054971937
1790.1352054971937
1790.1352054971937
1790.1352054971937
1790.1352054971937
1790.1352054971937
1790.1352054971937
1590.4086797424736
1590.4086797424736
1590.4086797424736
1590.4086797424736
1590.4086797424736
1590.4086797424736
1590.4086797424736
1590.4086797424736
1590.4086797424736
1590.4086797424736
1590.4086797424736
1590.4086797424736
1386.6714311551225
1386.6714311551225
1386.6714311551225
1386.6714311551225
1386.6714311551225
1386.6714311551225
1386.6714311551225
1386.6714311551225
1386.6714311551225
1386.6714311551225
1386.6714311551225
1386.6714311551225
1178.8429201193853
1178.8429201193853
1178.8429201193853
1178.8429201193853
1178.8429201193853
1178.8429201193853
1178.8429201193853
1178.8429201193853
1178.8429201193853
1178.8429201193853
1178.8429201193853
1178.8429201193853
966.8409896976495
966.8409896976495
966.8409896976495
966.8409896976495
966.8409896976495
966.8409896976495
966.8409896976495
966.8409896976495
966.8409896976495
966.8409896976495
966.8409896976495
966.8409896976495
750.5818331528864
750.5818331528864
750.5818331528864
750.5818331528864
750.5818331528864
750.5818331528864
750.5818331528864
750.5818331528864
750.5818331528864
750.5818331528864
750.5818331528864
750.5818331528864
529.9799608189096
529.9799608189096
529.9799608189096
529.9799608189096
529.9799608189096
529.9799608189096
529.9799608189096
529.9799608189096
529.9799608189096
529.9799608189096
529.9799608189096
529.9799608189096
304.9481663053535
